// Experience Tables [Pre-Renewal]
// Only official levels included, check db/import-tmpl/job_exp.txt for an expanded list
//
// Structure of Database:
// Max Level,Class list,Type,Exp for Lv 1,2,3,4,5,6,7,8,9,10,11,12,13,14,15,16,17,18,19,20,21,22,23,24,25,26,27,28,29,30,31,32,33,34,35,36,37,38,39,40,41,42,43,44,45,46,47,48,49,50,51,52,53,54,55,56,57,58,59,60,61,62,63,64,65,66,67,68,69,70,71,72,73,74,75,76,77,78,79,80,81,82,83,84,85,86,87,88,89,90,91,92,93,94,95,96,97,98,99
//
// Type:
//	0 = Base Exp, 1 = Job Exp

//Base - Normal and Baby Jobs
//99,0:1:2:3:4:5:6:7:8:9:10:11:12:13:14:15:16:17:18:19:20:21:23:24:25:4023:4024:4025:4026:4027:4028:4029:4030:4031:4032:4033:4034:4035:4036:4037:4038:4039:4040:4041:4042:4043:4044:4045:4046:4047:4048:4049:4050:4051:4052,0,9,16,25,36,77,112,153,200,253,320,385,490,585,700,830,970,1120,1260,1420,1620,1860,1990,2240,2504,2950,3426,3934,4474,6889,7995,9174,10425,11748,13967,15775,17678,19677,21773,30543,34212,38065,42102,46323,53026,58419,64041,69892,75973,102468,115254,128692,142784,157528,178184,196300,215198,234879,255341,330188,365914,403224,442116,482590,536948,585191,635278,687211,740988,925400,1473746,1594058,1718928,1848355,1982340,2230113,2386162,2547417,2713878,3206160,3681024,4022472,4377024,4744680,5125440,5767272,6204000,6655464,7121664,7602600,9738720,11649960,13643520,18339300,23836800,35658000,48687000,58135000,99999998,99999999

245,0:1:2:3:4:5:6:7:8:9:10:11:12:13:14:15:16:17:18:19:20:21:23:24:25:4023:4024:4025:4026:4027:4028:4029:4030:4031:4032:4033:4034:4035:4036:4037:4038:4039:4040:4041:4042:4043:4044:4045:4046:4047:4048:4049:4050:4051:4052,0,10,18,28,40,85,123,168,220,278,400,481,613,731,875,1038,1213,1400,1575,1775,2268,2604,2786,3136,3506,4130,4796,5508,6264,9645,12392,14220,16159,18209,21649,24451,27401,30499,33748,47342,58160,64711,71573,78749,90144,99312,108870,118816,129154,174196,213220,238080,264150,291427,329640,363155,398116,434526,472381,610848,731828,806448,884232,965180,1073896,1170382,1270556,1374422,1481976,1850800,3389616,3666333,3953534,4251217,4559382,5129260,5488173,5859059,6241919,7374168,9570662,10458427,11380262,12336168,13326144,14994907,16130400,17304206,18516326,19766760,29216160,34949880,40930560,55017900,71510400,106974000,146061000,174405000,343210000,345210000,347210000,349210000,351210000,353210000,355210000,357210000,359210000,361210000,363210000,365210000,367210000,369210000,371210000,373210000,375210000,377210000,379210000,381210000,383210000,385210000,387210000,389210000,391210000,393210000,395210000,397210000,399210000,401210000,403210000,405210000,407210000,409210000,411210000,413210000,415210000,417210000,419210000,421210000,423210000,425210000,427210000,429210000,431210000,433210000,435210000,437210000,439210000,441210000,443210000,445210000,447210000,449210000,451210000,453210000,455210000,457210000,459210000,461210000,463210000,465210000,467210000,469210000,471210000,473210000,475210000,477210000,479210000,481210000,483210000,485210000,487210000,489210000,491210000,493210000,495210000,497210000,499210000,501210000,503210000,505210000,507210000,509210000,511210000,513210000,515210000,517210000,519210000,521210000,523210000,525210000,527210000,529210000,531210000,533210000,535210000,537210000,539210000,541210000,543210000,545210000,547210000,549210000,551210000,553210000,555210000,557210000,559210000,561210000,563210000,565210000,567210000,569210000,571210000,573210000,575210000,577210000,579210000,581210000,583210000,585210000,587210000,589210000,591210000,593210000,595210000,597210000,599210000,601210000,603210000,605210000,607210000,609210000,611210000,613210000,615210000,617210000,619210000,621210000,623210000,625210000,627210000,629210000,631210000,633210000,635210000,637210000,639210000,641210000,643210000,645210000,647210000,649210000,651210000,653210000,655210000,657210000,659210000,661210000,663210000,665210000,667210000,669210000,671210000,673210000,675210000,677210000,679210000,681210000,683210000,685210000,687210000,689210000,691210000,693210000,695210000,697210000,699210000,701210000,703210000,705210000,707210000,709210000,711210000,713210000,715210000,717210000,719210000,721210000,723210000,725210000,727210000,729210000,731210000,733210000,735210000,737210000,739210000,741210000,743210000,745210000,747210000,749210000

//Base - Trans Jobs
99,4001:4002:4003:4004:4005:4006:4007:4008:4009:4010:4011:4012:4013:4014:4015:4016:4017:4018:4019:4020:4021:4022,0,10,18,28,40,85,123,168,220,278,400,481,613,731,875,1038,1213,1400,1575,1775,2268,2604,2786,3136,3506,4130,4796,5508,6264,9645,12392,14220,16159,18209,21649,24451,27401,30499,33748,47342,58160,64711,71573,78749,90144,99312,108870,118816,129154,174196,213220,238080,264150,291427,329640,363155,398116,434526,472381,610848,731828,806448,884232,965180,1073896,1170382,1270556,1374422,1481976,1850800,3389616,3666333,3953534,4251217,4559382,5129260,5488173,5859059,6241919,7374168,9570662,10458427,11380262,12336168,13326144,14994907,16130400,17304206,18516326,19766760,29216160,34949880,40930560,55017900,71510400,106974000,146061000,174405000,343210000,99999999

//Job - Novice & Baby Novice
10,0:4023,1,10,18,28,40,91,151,205,268,340,999999999

//Job - 1st Classes & Baby 1st Classes, Taekwon
50,1:2:3:4:5:6:4024:4025:4026:4027:4028:4029:4046:4050,1,30,43,58,76,116,180,220,272,336,520,604,699,802,948,1125,1668,1937,2226,3040,3988,5564,6272,7021,9114,11473,15290,16891,18570,23229,28359,36478,39716,43088,52417,62495,78160,84175,90404,107611,125915,153941,191781,204351,248352,286212,386371,409795,482092,509596,999999999

//Job - 2nd Classes & Baby 2nd Classes, Soul Linker
//50,7:8:9:10:11:12:13:14:15:16:17:18:19:20:21:4030:4031:4032:4033:4034:4035:4036:4037:4038:4039:4040:4041:4042:4043:4044:4049:4051:4052,1,144,184,284,348,603,887,1096,1598,2540,3676,4290,4946,6679,9492,12770,14344,16005,20642,27434,35108,38577,42206,52708,66971,82688,89544,96669,117821,144921,174201,186677,199584,238617,286366,337147,358435,380376,447685,526989,610246,644736,793535,921810,1106758,1260955,1487304,1557657,1990632,2083386,999999999

70,7:8:9:10:11:12:13:14:15:16:17:18:19:20:21:4030:4031:4032:4033:4034:4035:4036:4037:4038:4039:4040:4041:4042:4043:4044:4049:4051:4052,1,288,368,568,696,1206,1774,2192,3196,5080,7352,8580,9892,13358,18984,31925,35860,40013,51605,68585,87770,96443,105515,131770,167428,206720,223860,241673,294553,362303,479053,513362,548856,656197,787507,927154,985696,1046034,1231134,1449220,1678177,1773024,2182221,2534978,3043585,3782865,4461912,4672971,5971896,6250158,6875174,7562691,8318960,9150856,10065942,11877812,14015818,16538665,19515624,23028437,28094693,34275525,41816141,51015692,62239144,79666104,101972614,130524946,167071930,213852071,218852071,223852071,228852071,233852071,238852071,243852071,248852071,253852071,258852071,263852071,268852071,273852071,278852071,283852071,288852071,293852071,298852071,303852071,308852071,313852071,318852071,323852071,328852071,333852071,338852071,343852071,348852071,353852071,358852071,363852071,368852071

//Job - Novice High
10,4001,1,11,20,31,44,100,166,226,295,374,999999999

//Job - Adv First Classes
50,4002:4003:4004:4005:4006:4007,1,60,86,116,152,232,360,440,544,672,1040,1208,1398,1604,1896,2250,3336,3874,4452,6080,7976,11128,12544,14042,18228,28683,38225,42228,46425,58073,70898,91195,99290,107720,131043,156238,195400,210438,226010,269028,314788,384853,479453,510878,620880,715530,965928,1024488,1205230,1273990,999999999

//Job - Adv Second Classes
70,4008:4009:4010:4011:4012:4013:4014:4015:4016:4017:4018:4019:4020:4021:4022,1,288,368,568,696,1206,1774,2192,3196,5080,7352,8580,9892,13358,18984,31925,35860,40013,51605,68585,87770,96443,105515,131770,167428,206720,223860,241673,294553,362303,479053,513362,548856,656197,787507,927154,985696,1046034,1231134,1449220,1678177,1773024,2182221,2534978,3043585,3782865,4461912,4672971,5971896,6250158,6875174,7562691,8318960,9150856,10065942,11877812,14015818,16538665,19515624,23028437,28094693,34275525,41816141,51015692,62239144,79666104,101972614,130524946,167071930,213852071,999999999

//Job - Ninja/Gunslinger
70,24:25,1,72,92,142,174,301,443,548,799,1270,1838,2145,2473,3339,4746,6385,7172,8002,10321,13717,17554,19288,21103,26354,33485,41344,44772,48334,58910,72460,87100,93338,99792,119308,143183,231068,257377,274363,314246,371105,431038,476309,588548,665256,801731,916689,1130023,1188623,1377408,1551289,1746582,1845236,1954741,2124555,2345698,2548763,2759555,3021488,3254111,3489547,3695474,4012251,4181112,4302211,4496584,4578951,4869523,5022114,5123654,5395117,999999999

//Job - Star Gladiator
//50,4047:4048,1,27434,27434,27434,27434,27434,27434,27434,27434,27434,27434,27434,27434,27434,27434,27434,27434,27434,27434,54868,70216,77154,84412,105416,133924,165376,179008,193338,235642,289842,348402,373354,399168,477234,572732,674294,716870,760752,895370,1053978,1220492,1289472,1587070,1843620,2213516,2521910,2974608,3115314,3981264,5166772,999999999

70,4047:4048,1,288,368,568,696,1206,1774,2192,3196,5080,7352,8580,9892,13358,18984,31925,35860,40013,51605,68585,87770,96443,105515,131770,167428,206720,223860,241673,294553,362303,479053,513362,548856,656197,787507,927154,985696,1046034,1231134,1449220,1678177,1773024,2182221,2534978,3043585,3782865,4461912,4672971,5971896,6250158,6875174,7562691,8318960,9150856,10065942,11877812,14015818,16538665,19515624,23028437,28094693,34275525,41816141,51015692,62239144,79666104,101972614,130524946,167071930,213852071,218852071,223852071,228852071,233852071,238852071,243852071,248852071,253852071,258852071,263852071,268852071,273852071,278852071,283852071,288852071,293852071,298852071,303852071,308852071,313852071,318852071,323852071,328852071,333852071,338852071,343852071,348852071,353852071,358852071,363852071,368852071

//Job - Super Novice & Baby Super Novice
99,23:4045,1,30,43,58,76,116,180,220,272,336,520,604,699,802,948,1125,1668,1937,2226,3040,3988,5564,6272,7021,9114,11473,15290,16891,18570,23229,28359,36478,39716,43088,52417,62495,78160,84175,90404,107611,125915,153941,191781,204351,248352,286212,386371,409795,482092,509596,982092,992092,1002092,1012092,1022092,1032092,1042092,1052092,1062092,1072092,1082092,1092092,1102092,1112092,1122092,1132092,1142092,1152092,1162092,1172092,1182092,1192092,1202092,1212092,1222092,1232092,1242092,1252092,1262092,1272092,1282092,1292092,1302092,1312092,1322092,1332092,1342092,1352092,1362092,1372092,1382092,1392092,1402092,1412092,1422092,1432092,1442092,1452092,1462092,999999999



//================================
// Renewal content (required for some core features)
//================================

//Base - 3rd Jobs, Baby 3rds, Expanded Super Novice, Kagerou/Oboro, Rebellion and Summoner
//99,4054:4055:4056:4057:4058:4059:4060:4061:4062:4063:4064:4065:4066:4067:4068:4069:4070:4071:4072:4073:4074:4075:4076:4077:4078:4079:4080:4081:4082:4083:4084:4085:4086:4087:4096:4097:4098:4099:4100:4101:4102:4103:4104:4105:4106:4107:4108:4109:4110:4111:4112:4190:4191:4211:4212:4215:4218:4220:4222:4223:4224:4225:4226:4227:4228:4229:4238,0,10,18,28,40,85,123,168,220,278,400,481,613,731,875,1038,1213,1400,1575,1775,2268,2604,2786,3136,3506,4130,4796,5508,6264,9645,12392,14220,16159,18209,21649,24451,27401,30499,33748,47342,58160,64711,71573,78749,90144,99312,108870,118816,129154,174196,213220,238080,264150,291427,329640,363155,398116,434526,472381,610848,731828,806448,884232,965180,1073896,1170382,1270556,1374422,1481976,1850800,3389616,3666333,3953534,4251217,4559382,5129260,5488173,5859059,6241919,7374168,9570662,10458427,11380262,12336168,13326144,14994907,16130400,17304206,18516326,19766760,29216160,34949880,40930560,55017900,71510400,106974000,146061000,174405000,343210000,99999999

245,4054:4055:4056:4057:4058:4059:4060:4061:4062:4063:4064:4065:4066:4067:4068:4069:4070:4071:4072:4073:4074:4075:4076:4077:4078:4079:4080:4081:4082:4083:4084:4085:4086:4087:4096:4097:4098:4099:4100:4101:4102:4103:4104:4105:4106:4107:4108:4109:4110:4111:4112:4190:4191:4211:4212:4215:4218:4220:4222:4223:4224:4225:4226:4227:4228:4229:4238,0,660,1080,1800,2640,3840,4560,5040,5460,6000,6600,7200,7320,7620,8040,8820,9600,10080,10560,11040,12610,13390,14300,15340,16900,18460,19500,20800,22100,23400,24700,26000,27300,28600,30160,31200,33800,35750,37700,39000,44100,46200,47600,50400,52500,53200,56000,58800,62300,65800,68600,71400,74200,77000,79800,82600,86100,88200,91000,93800,103500,105000,109500,115500,120000,126000,132000,136500,142500,165000,192000,210000,232500,244500,255000,270000,282000,292500,300000,345000,416000,480000,560000,640000,768000,880000,960000,1088000,1200000,1440000,1700000,2040000,2550000,3060000,3570000,4080000,4760000,5610000,6800000,7070000,7400000,7770000,8150000,8550000,9100000,9610000,10150000,10570000,11180000,12000000,12200000,12930000,13150000,14030000,14420000,15420000,15670000,16870000,17140000,18720000,19020000,20590000,20930000,22690000,23310000,25290000,26020000,27860000,28535000,30990000,31680000,33560000,34942000,36372000,38350000,39890000,41545000,43330000,45400000,48100000,50410000,53370000,56250000,59230000,62590000,66120000,70200000,75330000,81100000,95000000,98000000,103000000,107000000,112000000,116000000,121000000,125000000,130000000,134000000,139000000,145000000,152200000,160840000,171200000,191930000,202290000,214720000,229640000,247550000,283370000,301280000,322770000,348560000,379500000,441390000,443390000,445390000,447390000,449390000,451390000,453390000,455390000,457390000,459390000,461390000,463390000,465390000,467390000,469390000,471390000,473390000,475390000,477390000,479390000,481390000,483390000,485390000,487390000,489390000,491390000,493390000,495390000,497390000,499390000,501390000,503390000,505390000,507390000,509390000,511390000,513390000,515390000,517390000,519390000,521390000,523390000,525390000,527390000,529390000,531390000,533390000,535390000,537390000,539390000,541390000,543390000,545390000,547390000,549390000,551390000,553390000,555390000,557390000,559390000,561390000,563390000,565390000,567390000,569390000,571390000,573390000,575390000,577390000,579390000,581390000,583390000,585390000,587390000,589390000,591390000,593390000,595390000,597390000,599390000,601390000,603390000,605390000,607390000,609390000,611390000,613390000,615390000,617390000,619390000,621390000,623390000,625390000,627390000,629390000,631390000,633390000,635390000,637390000,639390000,641390000,643390000,645390000,647390000,649390000,651390000,653390000,655390000,657390000,659390000,661390000,663390000,665390000,667390000,669390000,671390000,673390000,675390000,677390000,679390000,681390000,683390000,685390000,687390000,689390000,691390000,693390000,695390000,697390000,699390000,701390000,703390000,705390000,707390000,709390000,711390000,713390000,715390000,717390000,719390000,721390000,723390000,725390000,727390000,729390000,731390000,733390000,735390000,737390000,739390000,741390000,743390000,745390000,747390000,749390000,751390000,753390000,755390000,757390000,759390000,761390000,763390000,765390000,767390000,769390000,771390000,773390000,775390000,777390000,779390000,781390000,783390000,785390000,787390000,789390000,791390000,793390000,795390000,797390000,799390000,801390000,803390000,805390000,807390000,809390000,811390000,813390000,815390000,817390000,819390000,821390000,823390000,825390000,827390000,829390000,831390000,833390000,835390000,837390000,839390000,841390000,843390000,845390000,847390000,849390000,851390000,853390000,855390000,857390000,859390000,861390000,863390000,865390000,867390000,869390000,871390000,873390000,875390000,877390000,879390000,881390000,883390000,885390000,887390000,889390000,891390000,893390000,895390000,897390000,899390000,901390000,903390000,905390000,907390000,909390000,911390000,913390000,915390000,917390000,919390000,921390000,923390000,925390000,927390000,929390000,931390000,933390000,935390000,937390000,939390000,941390000,943390000,945390000,947390000,949390000,951390000,953390000,955390000,957390000,959390000,961390000,963390000,965390000,967390000,969390000,971390000,973390000,975390000,977390000,979390000,981390000,983390000,985390000,987390000,989390000,991390000,993390000,995390000,997390000,999390000,1001390000,1003390000,1005390000,1007390000,1009390000,1011390000,1013390000,1015390000,1017390000,1019390000,1021390000,1023390000,1025390000,1027390000,1029390000,1031390000,1033390000,1035390000,1037390000,1039390000,1041390000,1043390000,1045390000,1047390000,1049390000,1051390000,1053390000,1055390000,1057390000,1059390000,1061390000,1063390000,1065390000,1067390000,1069390000,1071390000,1073390000,1075390000,1077390000,1079390000,1081390000,1083390000,1085390000,1087390000,1089390000,1091390000,1093390000

//Job - 3rd Jobs, Baby 3rds, Expanded Super Novice, Kagerou/Oboro, Rebellion and Summoner
//50,4054:4055:4056:4057:4058:4059:4060:4061:4062:4063:4064:4065:4066:4067:4068:4069:4070:4071:4072:4073:4074:4075:4076:4077:4078:4079:4080:4081:4082:4083:4084:4085:4086:4087:4096:4097:4098:4099:4100:4101:4102:4103:4104:4105:4106:4107:4108:4109:4110:4111:4112:4190:4191:4211:4212:4215:4218:4220:4222:4223:4224:4225:4226:4227:4228:4229:4238,1,288,368,568,696,1206,1774,2192,3196,5080,7352,8580,9892,13358,18984,31925,35860,40013,51605,68585,87770,96443,105515,131770,167428,206720,223860,241673,294553,362303,479053,513362,548856,656197,787507,927154,985696,1046034,1231134,1449220,1678177,1773024,2182221,2534978,3043585,3782865,4461912,4672971,5971896,6250158,6875174,7562691,8318960,9150856,10065942,11877812,14015818,16538665,19515624,23028437,28094693,34275525,41816141,51015692,62239144,79666104,101972614,130524946,167071930,213852071,999999999

70,4054:4055:4056:4057:4058:4059:4060:4061:4062:4063:4064:4065:4066:4067:4068:4069:4070:4071:4072:4073:4074:4075:4076:4077:4078:4079:4080:4081:4082:4083:4084:4085:4086:4087:4096:4097:4098:4099:4100:4101:4102:4103:4104:4105:4106:4107:4108:4109:4110:4111:4112:4190:4191:4211:4212:4215:4218:4220:4222:4223:4224:4225:4226:4227:4228:4229:4238,1,112000,355000,615000,917000,1253000,1595000,2007000,2430000,2868000,3420000,3863000,4504000,4998000,5769000,6321000,7254000,7870000,9015000,9530000,11072000,11848000,13467000,14337000,16243000,17216000,19446000,20781000,23070000,24453000,27568000,29118000,31820000,34125000,37048000,40204000,42972000,45937000,49110000,52696000,57158000,61305000,67167000,72285000,77647000,83624000,91113000,98548000,107630000,119077000,131668000,145518000,160753000,177511000,195944000,216220000,238523000,263056000,290042000,319726000,324726000,329726000,334726000,339726000,344726000,349726000,354726000,359726000,364726000,369726000,374726000,379726000,384726000,389726000,394726000,399726000,404726000,409726000,414726000,419726000,424726000,429726000,434726000,439726000,444726000,449726000,454726000,459726000,464726000,469726000,474726000,479726000,484726000,489726000,494726000,499726000,504726000,509726000,514726000,519726000,524726000,529726000,534726000,539726000,544726000,549726000,554726000,559726000,564726000,569726000,574726000,579726000,584726000,589726000,594726000,599726000,604726000,609726000,614726000,619726000,624726000,629726000,634726000,639726000,644726000,649726000,654726000,659726000,664726000,669726000,674726000,679726000,684726000,689726000,694726000,699726000,704726000,709726000,714726000,719726000,724726000,729726000,734726000,739726000,744726000,749726000,754726000,759726000,764726000,769726000,774726000,779726000,784726000,789726000,794726000,799726000,804726000,809726000,814726000,819726000,824726000,829726000,834726000,839726000,844726000,849726000,854726000,859726000,864726000,869726000,874726000,879726000,884726000,889726000,894726000,899726000,904726000,909726000,914726000,919726000,924726000,929726000,934726000,939726000,944726000,949726000,954726000,959726000,964726000,969726000,974726000,979726000,984726000,989726000,994726000,999726000,1004726000,1009726000,1014726000,1019726000,1024726000,1029726000,1034726000,1039726000,1044726000,1049726000,1054726000,1059726000,1064726000,1069726000,1074726000,1079726000,1084726000,1089726000,1094726000,1099726000,1104726000,1109726000,1114726000,1119726000,1124726000,1129726000,1134726000,1139726000,1144726000,1149726000,1154726000,1159726000,1164726000,1169726000,1174726000,1179726000,1184726000,1189726000,1194726000,1199726000,1204726000,1209726000,1214726000,1219726000,1224726000,1229726000,1234726000,1239726000,1244726000,1249726000,1254726000,1259726000,1264726000,1269726000,1274726000,1279726000,1284726000,1289726000,1294726000,1299726000